Created output directory C:\Users\David/project/gismo/out/first_tests\4226f96d566c4d7ff32f8237271e9dfcc998614f
*** NO SAVED MODEL FOUND in C:\Users\David/project/gismo/out/first_tests\4226f96d566c4d7ff32f8237271e9dfcc998614f. LOADING FROM SCRATCH ****
*** NO BEST MODEL FOUND in C:\Users\David/project/gismo/out/first_tests\4226f96d566c4d7ff32f8237271e9dfcc998614f ****
1 585.9227776527405
112.25743293762207
2 516.802740573883
35.05720520019531
3 479.5021290779114
35.0394229888916
4 463.6596279144287
35.37476348876953
5 452.65356254577637
35.29246544837952
6 444.31951999664307
34.83061718940735
7 436.6950435638428
34.84247446060181
8 430.02219438552856
34.82413101196289
9 423.01451587677
34.872355461120605
10 415.8388719558716
34.92530035972595
11 407.9248204231262
35.0262496471405
12 400.0196478366852
35.0932400226593
13 391.8991343975067
34.826619148254395
14 384.105703830719
34.782357692718506
15 377.3457398414612
34.74009466171265
16 370.15725326538086
34.78442096710205
17 365.3213882446289
34.72567820549011
18 358.828412771225
34.802560567855835
19 355.7275483608246
34.82422637939453
20 349.9786674976349
34.827800989151
21 345.61466360092163
34.78539419174194
22 342.6126742362976
34.83955264091492
23 338.4864799976349
35.74300956726074
24 334.78248476982117
35.763831615448
25 331.2327494621277
35.461993932724
26 328.18522453308105
35.491966009140015
27 324.3134341239929
35.327282428741455
28 322.05720496177673
35.46431040763855
29 319.052129983902
35.48383116722107
30 315.47630071640015
35.50812792778015
31 314.40460538864136
35.39409279823303
32 311.09619522094727
35.487292766571045
33 308.75754261016846
35.524741649627686
34 307.08026671409607
35.29358696937561
35 305.21730613708496
35.5298125743866
36 302.5593523979187
35.38625359535217
37 301.5186173915863
35.43972110748291
38 300.03486013412476
35.53826308250427
39 297.69282603263855
35.58793544769287
40 294.8465304374695
35.502482891082764
41 292.995689868927
35.94158983230591
42 292.2687110900879
35.455209493637085
43 290.40607738494873
35.57489562034607
44 288.33009791374207
35.601582527160645
45 287.15812039375305
35.80708432197571
46 285.4872045516968
35.5760223865509
47 284.34761357307434
36.06091332435608
48 283.14353585243225
35.55058455467224
49 281.3098473548889
35.67531228065491
50 279.63241028785706
35.81119203567505
C:\Users\David/project/gismo/out/first_tests\4226f96d566c4d7ff32f8237271e9dfcc998614f\val_ranks_full.txt
vall metrics: 26.31125519910989 {1: 17.037934569857395, 3: 29.55541056948457, 10: 45.67061235902693}
Best val mrr updated to 26.31125519910989
### Saving the BEST MODEL ###
51 279.09641194343567
36.08972716331482
52 277.3646101951599
35.83367300033569
53 276.09219622612
35.71974325180054
54 274.76393270492554
35.591819286346436
55 273.50294280052185
35.55292892456055
56 271.86065208911896
35.507742166519165
57 271.6731331348419
35.31460404396057
58 269.76561975479126
34.97535538673401
59 269.11454463005066
34.78419327735901
60 267.8016061782837
34.75598478317261
61 266.9184272289276
34.60183501243591
62 265.4905490875244
35.211212158203125
63 265.3253231048584
35.16797924041748
64 263.8364360332489
35.94730353355408
65 261.96346855163574
35.759050369262695
66 262.10759234428406
35.56741261482239
67 260.9832944869995
35.063251972198486
68 260.02884340286255
35.29293131828308
69 259.3246295452118
35.16796898841858
70 257.9711983203888
35.124921560287476
71 256.56510829925537
35.053247690200806
72 255.9330973625183
35.097140073776245
73 254.65894865989685
35.106196880340576
74 254.13155126571655
34.99494981765747
75 254.05345034599304
35.0715594291687
76 253.24891018867493
36.64551305770874
77 251.4719169139862
35.481404066085815
78 250.84057760238647
35.42672109603882
79 249.57937836647034
35.410847187042236
80 249.03080463409424
35.529391288757324
81 248.11156916618347
35.496654748916626
82 247.44854259490967
35.497864961624146
83 247.26613688468933
35.43725943565369
84 247.1334080696106
35.49327731132507
85 245.5685110092163
35.46930527687073
86 244.35385942459106
35.43404507637024
87 244.0109841823578
35.48862028121948
88 243.6131682395935
35.551578760147095
89 242.95447325706482
35.444326639175415
90 241.8918333053589
35.52004647254944
91 241.06540608406067
35.437480211257935
92 240.39371919631958
36.067527770996094
93 240.1233286857605
35.43195343017578
94 238.37795686721802
35.43577265739441
95 239.35709476470947
35.492204427719116
96 237.9633572101593
35.44822072982788
97 236.81749427318573
35.36344051361084
98 235.33738613128662
35.427242279052734
99 235.93731307983398
35.49864196777344
100 235.19734954833984
35.48230981826782
C:\Users\David/project/gismo/out/first_tests\4226f96d566c4d7ff32f8237271e9dfcc998614f\val_ranks_full.txt
vall metrics: 28.876174441787445 {1: 18.603784136452603, 3: 32.97604622984434, 10: 50.31223786000559}
Best val mrr updated to 28.876174441787445
### Saving the BEST MODEL ###
101 235.10604786872864
35.49988508224487
102 234.35434007644653
35.43722939491272
103 233.57625007629395
35.5327525138855
104 232.79906606674194
35.57492971420288
105 231.40562534332275
35.44667315483093
106 231.59617149829865
35.53405499458313
107 231.43142795562744
35.511415004730225
108 230.0110273361206
35.48497939109802
109 229.8726065158844
35.49860429763794
110 229.33952736854553
35.46731424331665
111 228.5765199661255
35.50013494491577
112 228.1896607875824
35.396204710006714
113 226.751131772995
35.428783893585205
114 227.17997550964355
35.43625235557556
115 226.31287717819214
35.53500437736511
116 225.91159796714783
35.122398376464844
117 224.9508479833603
35.245723247528076
118 224.5621794462204
35.79996705055237
119 223.82203936576843
35.17084312438965
120 224.21856713294983
35.13486695289612
121 222.6883236169815
35.17409086227417
122 222.54865837097168
35.283082485198975
123 220.89979195594788
35.27479791641235
124 220.9889965057373
35.48389554023743
125 220.43669712543488
35.4769229888916
126 219.24274730682373
35.1082878112793
127 218.87208485603333
34.931607484817505
128 220.34799349308014
35.099573612213135
129 218.22422552108765
35.1888153553009
130 216.94456934928894
35.53784966468811
131 217.42410957813263
36.76441836357117
132 216.92879986763
35.3006227016449
133 215.42898631095886
35.35960245132446
134 215.85456812381744
35.28248858451843
135 215.7816685438156
35.33371639251709
136 215.01781904697418
35.3899827003479
137 214.30816328525543
35.30550265312195
138 213.74032032489777
35.39307403564453
139 213.0981422662735
35.29317665100098
140 213.01432311534882
35.32101631164551
141 212.36013972759247
35.27301216125488
142 212.0156524181366
35.26624584197998
143 211.60872101783752
35.27533221244812
144 211.73364913463593
35.32536053657532
145 210.85108721256256
35.327884674072266
146 210.1157467365265
35.25492477416992
147 209.73101699352264
35.28178668022156
148 209.18219459056854
35.269031047821045
149 208.41575491428375
35.707561016082764
150 208.08074712753296
35.28228282928467
C:\Users\David/project/gismo/out/first_tests\4226f96d566c4d7ff32f8237271e9dfcc998614f\val_ranks_full.txt
vall metrics: 29.93942518160476 {1: 19.42399105228819, 3: 33.91742007642837, 10: 51.42138130301053}
Best val mrr updated to 29.93942518160476
### Saving the BEST MODEL ###
151 208.4160349369049
35.28873872756958
152 207.9091385602951
35.28856444358826
153 207.05897867679596
35.28091335296631
154 206.06522512435913
35.24576687812805
155 205.16460156440735
35.22087526321411
156 205.8523472547531
35.2581729888916
157 205.397287607193
35.237136125564575
158 204.95568561553955
35.26936960220337
159 203.34462988376617
35.307106494903564
160 203.75825536251068
35.26025676727295
161 203.60072922706604
35.26673221588135
162 203.560986161232
35.22832679748535
163 203.5501675605774
35.26064610481262
164 202.48597741127014
35.26715898513794
165 201.4711617231369
35.19886374473572
166 201.6874485015869
35.32581424713135
167 201.2548177242279
35.22525119781494
168 201.05857622623444
35.29824900627136
169 199.2933350801468
35.27894330024719
170 199.30141580104828
35.272052526474
171 200.11964881420135
35.32094979286194
172 198.95054638385773
35.22079658508301
173 198.50041472911835
35.28954339027405
174 198.11510384082794
35.2763147354126
175 197.60112762451172
35.28277921676636
176 197.22283554077148
35.29553198814392
177 197.51309156417847
35.24771308898926
178 196.08399665355682
35.307767152786255
179 196.13965487480164
35.28737545013428
180 196.35628986358643
35.27870321273804
181 195.6187560558319
35.25761318206787
182 195.20814323425293
35.25120544433594
183 194.6349710226059
35.236977100372314
184 194.33035027980804
35.23223948478699
185 193.91873919963837
35.281882762908936
186 192.55700743198395
35.25990843772888
187 192.73313736915588
35.34770131111145
188 192.9706553220749
35.26660680770874
189 192.22230303287506
35.325515031814575
190 191.81399393081665
35.25066685676575
191 191.83730912208557
35.26079344749451
192 191.23229801654816
35.22667860984802
193 191.77008950710297
35.22631549835205
194 190.85486388206482
35.2719202041626
195 190.62316060066223
35.27346134185791
196 190.31142926216125
35.29619646072388
197 188.8659189939499
35.28215265274048
198 189.69507229328156
35.27104449272156
199 189.5984387397766
35.28102350234985
200 188.90137934684753
35.27542328834534
C:\Users\David/project/gismo/out/first_tests\4226f96d566c4d7ff32f8237271e9dfcc998614f\val_ranks_full.txt
vall metrics: 30.582061832999347 {1: 19.936620374685432, 3: 34.68170379345698, 10: 52.539845279149965}
Best val mrr updated to 30.582061832999347
### Saving the BEST MODEL ###
201 188.8254737854004
35.29620599746704
202 187.29951167106628
35.22477078437805
203 187.57596945762634
35.27553844451904
204 186.819291472435
35.39431715011597
205 186.98234677314758
35.379465103149414
206 186.88935589790344
35.28675603866577
207 187.5942064523697
35.36911201477051
208 185.26993656158447
35.4540753364563
209 185.405454993248
35.35869479179382
210 184.7107046842575
35.35714530944824
211 184.6318018436432
35.38978457450867
212 184.22515225410461
35.422030210494995
213 184.00115859508514
35.45255136489868
214 183.76737689971924
35.36017918586731
215 182.92369139194489
35.35671043395996
216 183.44562804698944
35.36324071884155
217 182.53192722797394
35.37568545341492
218 182.2356561422348
35.38604998588562
219 181.84280049800873
35.36500811576843
220 181.10025322437286
35.35315299034119
221 181.34905982017517
35.42073440551758
222 181.34359228610992
35.40618968009949
223 181.0190850496292
35.369470834732056
224 179.98056316375732
35.40212869644165
225 180.54271936416626
35.42425537109375
226 179.39371287822723
35.4193172454834
227 179.48905074596405
35.41012620925903
228 179.35692501068115
35.42666816711426
229 178.5430498123169
35.481499910354614
230 178.73680245876312
35.61200833320618
231 178.6402027606964
35.45798468589783
232 177.95544385910034
35.35265636444092
233 178.18285620212555
35.4406943321228
234 177.43233358860016
35.44545030593872
235 177.17058670520782
35.41592979431152
236 175.7333287000656
35.46243906021118
237 176.94124281406403
35.4239022731781
238 176.67408561706543
35.390066385269165
239 177.28781712055206
35.40023112297058
240 175.97268843650818
35.448639154434204
241 175.06341981887817
35.41200041770935
242 175.62622439861298
35.41065335273743
243 175.54321360588074
35.39074492454529
244 175.11814785003662
35.437567710876465
245 174.40749192237854
35.43707609176636
246 173.38584649562836
35.40177798271179
247 173.62754714488983
35.45306968688965
248 173.7668297290802
35.63801455497742
249 173.5939884185791
35.437061071395874
250 173.48263037204742
35.400272369384766
C:\Users\David/project/gismo/out/first_tests\4226f96d566c4d7ff32f8237271e9dfcc998614f\val_ranks_full.txt
vall metrics: 30.83936634573935 {1: 20.123031037375338, 3: 34.942678721222855, 10: 52.95926927020225}
Best val mrr updated to 30.83936634573935
### Saving the BEST MODEL ###
251 172.6507204771042
35.45974159240723
252 171.9160544872284
35.37666583061218
253 172.281378865242
35.419689893722534
254 170.74977672100067
35.3953902721405
255 171.06988215446472
35.440120458602905
256 171.9800043106079
35.42011308670044
257 170.68713903427124
35.42273449897766
258 170.34954845905304
35.41196632385254
259 171.13239419460297
35.421687841415405
260 170.5649551153183
35.4677209854126
261 169.45169842243195
35.42309904098511
262 169.76379907131195
35.373398780822754
263 169.2836172580719
35.446614265441895
264 169.030210852623
35.36616516113281
265 168.03134882450104
35.45977330207825
266 168.68997812271118
35.35328698158264
267 167.8400136232376
35.29826521873474
268 167.82668197155
35.393418312072754
269 167.83949029445648
35.34470891952515
270 168.032980799675
35.35785531997681
271 167.80064916610718
35.36966681480408
272 166.5582718849182
35.46034383773804
273 166.5829701423645
35.414868116378784
274 166.72359323501587
35.37031269073486
275 166.33342397212982
35.41542911529541
276 165.72977828979492
35.39037537574768
277 165.17206382751465
35.46275019645691
278 164.80496895313263
35.47229886054993
279 165.54561984539032
35.36728525161743
280 164.19115900993347
35.3747456073761
281 164.4489140510559
35.39242243766785
282 164.85864222049713
35.41694378852844
283 164.14743185043335
35.41594195365906
284 164.01624846458435
35.35410451889038
285 163.58790349960327
35.41537165641785
286 163.72734594345093
35.38916063308716
287 163.00067102909088
35.38101887702942
288 162.69663548469543
35.48273038864136
289 162.77497029304504
35.38264441490173
290 162.3701148033142
35.41262865066528
291 162.18746852874756
35.403977394104004
292 162.13450372219086
35.38244676589966
293 161.70710122585297
35.33627104759216
294 162.6489269733429
35.44205713272095
295 162.393688082695
35.48935031890869
296 160.760147690773
35.3834810256958
297 161.4189431667328
35.38574504852295
298 161.4416457414627
35.38413381576538
299 160.71399319171906
35.379723072052
300 159.82778227329254
35.384552240371704
C:\Users\David/project/gismo/out/first_tests\4226f96d566c4d7ff32f8237271e9dfcc998614f\val_ranks_full.txt
vall metrics: 30.863386743143582 {1: 20.011184639761392, 3: 34.8494733898779, 10: 53.16432099916115}
Best val mrr updated to 30.863386743143582
### Saving the BEST MODEL ###
301 160.04842293262482
35.359774589538574
302 159.23050224781036
35.39387893676758
303 159.5081970691681
35.35908818244934
304 159.65367698669434
35.35580587387085
305 158.23423171043396
35.26879334449768
306 158.84579575061798
35.38894486427307
307 158.2987461090088
35.28484487533569
308 158.44406139850616
35.34229779243469
309 158.49541676044464
35.41923213005066
310 157.69043636322021
37.5022234916687
311 158.65570497512817
38.161322832107544
312 157.65296280384064
37.5760931968689
313 157.86258149147034
37.414307832717896
314 156.98917627334595
37.36735677719116
315 156.37096190452576
37.569255352020264
316 156.5430417060852
37.109997034072876
317 157.26176071166992
37.390474796295166
318 156.35359108448029
38.40531039237976
319 155.6142578125
37.52933382987976
320 155.3460636138916
38.05522012710571
321 155.5448318719864
37.95728135108948
322 155.4993302822113
37.89005184173584
323 155.17088210582733
37.88599419593811
324 155.5554414987564
37.25961470603943
325 155.8510752916336
38.33068108558655
326 153.92221248149872
37.9556610584259
327 154.95231354236603
37.40666460990906
328 153.8966406583786
37.251089334487915
329 153.5769566297531
37.46266007423401
330 153.28307938575745
37.330482482910156
331 154.09603655338287
37.15555143356323
332 153.28087830543518
37.38662338256836
333 153.5287083387375
37.4695463180542
334 152.7492161989212
37.35922384262085
335 154.37235128879547
37.456674337387085
336 152.20829164981842
37.52767562866211
337 152.16021287441254
37.312371253967285
338 152.72242212295532
37.18666052818298
339 151.82411432266235
37.512309312820435
340 152.71541917324066
37.52299451828003
341 151.0734360218048
37.1380136013031
342 151.5099514722824
37.43790864944458
343 151.5575851202011
37.938493967056274
344 151.19322681427002
37.32170653343201
345 150.90398621559143
37.24372863769531
346 150.35446894168854
37.59937763214111
347 150.63147282600403
38.22969079017639
348 150.2568655014038
37.817617654800415
349 150.16769933700562
37.77800488471985
350 149.4829239845276
37.8936562538147
C:\Users\David/project/gismo/out/first_tests\4226f96d566c4d7ff32f8237271e9dfcc998614f\val_ranks_full.txt
vall metrics: 30.997210120497016 {1: 20.188274769316802, 3: 35.10112778450927, 10: 53.20160313169913}
Best val mrr updated to 30.997210120497016
### Saving the BEST MODEL ###
351 150.53516006469727
38.00784969329834
352 149.6766129732132
37.83118796348572
353 149.42222011089325
37.70135974884033
354 148.33558642864227
37.91674876213074
355 149.88954508304596
37.92637658119202
356 149.05536913871765
37.751784801483154
357 148.82885563373566
37.878642559051514
358 148.52379250526428
37.97328591346741
359 148.24275720119476
37.99995040893555
360 148.68476843833923
37.690327644348145
361 147.7065485715866
37.67488503456116
362 147.71508407592773
37.886483907699585
363 146.79191315174103
38.0310001373291
364 148.2114326953888
37.76059412956238
365 146.52725076675415
37.68085694313049
366 147.54991543293
37.93654251098633
367 146.58521628379822
37.900309562683105
368 147.10390043258667
37.74335813522339
369 147.25269782543182
37.595903635025024
370 146.48925364017487
38.181331634521484
371 146.00840985774994
38.01668906211853
372 146.59630966186523
37.89323377609253
373 145.27310395240784
37.958285331726074
374 146.04126143455505
37.855992794036865
375 146.06597363948822
38.058772802352905
376 145.6996476650238
37.79701614379883
377 145.62379658222198
37.73376679420471
378 145.56136083602905
37.78773355484009
379 145.55444812774658
38.00972032546997
380 145.28261494636536
37.771852016448975
381 144.54058742523193
37.721423864364624
382 144.47406351566315
38.12256574630737
383 144.30963826179504
37.96643686294556
384 143.64237570762634
37.83887958526611
385 143.90833711624146
37.72371506690979
386 144.55962812900543
37.74496674537659
387 143.43048584461212
37.68916726112366
388 142.9887946844101
39.4401535987854
389 143.20571053028107
39.87195706367493
390 142.80176484584808
40.030996799468994
391 141.72730612754822
39.56734561920166
392 142.54161989688873
39.94685888290405
393 142.78608012199402
39.922364711761475
394 142.39498889446259
40.01805138587952
395 142.60776555538177
39.94216823577881
396 142.6886248588562
39.91641139984131
397 141.85805237293243
39.95042157173157
398 140.3929637670517
39.86699986457825
399 141.1823831796646
39.78783988952637
400 141.60226345062256
39.871178150177
C:\Users\David/project/gismo/out/first_tests\4226f96d566c4d7ff32f8237271e9dfcc998614f\val_ranks_full.txt
vall metrics: 31.092351920029827 {1: 20.14167210364433, 3: 35.35278217914065, 10: 53.294808463044085}
Best val mrr updated to 31.092351920029827
### Saving the BEST MODEL ###
401 141.7281994819641
35.71315956115723
402 141.41595923900604
36.12501859664917
403 140.92980360984802
36.06729078292847
404 140.7138956785202
36.14702010154724
405 140.8136945962906
36.570831537246704
406 140.7537648677826
36.10937714576721
407 140.46701967716217
36.47921657562256
408 140.43518543243408
36.050782918930054
409 139.92814755439758
35.573039293289185
410 139.40266263484955
36.0667405128479
411 139.55566531419754
36.56221294403076
412 139.47355556488037
35.75857710838318
413 139.67369902133942
35.80451154708862
414 139.8021856546402
36.429452657699585
415 138.42264926433563
36.07174897193909
416 138.67769479751587
35.97779083251953
417 138.6529597043991
36.19181156158447
418 138.84270107746124
35.88592004776001
419 138.77416718006134
35.736743688583374
420 138.7272354364395
35.884300231933594
421 138.72070276737213
36.06595325469971
422 138.90292692184448
35.73745608329773
423 137.97642707824707
35.90920901298523
424 138.36124742031097
36.19653940200806
425 137.32452654838562
35.783008337020874
426 138.2309765815735
35.66126298904419
427 138.5321444272995
35.872517824172974
428 137.62603569030762
35.61698293685913
429 137.4101663827896
35.94973278045654
430 136.8931723833084
36.20471787452698
431 136.5517930984497
35.94779443740845
432 137.13677561283112
35.75388264656067
433 136.75183272361755
35.92231369018555
434 136.1005835533142
35.92548131942749
435 136.93778908252716
35.824509143829346
436 135.43746960163116
36.08415961265564
437 135.51740396022797
35.55824947357178
438 136.04262697696686
36.00780415534973
439 135.98079454898834
36.35787653923035
440 136.55180621147156
35.94232130050659
441 135.74230003356934
35.874406814575195
442 135.3378221988678
35.976667642593384
443 135.39747977256775
35.86534571647644
444 135.63418471813202
35.62761116027832
445 135.86329954862595
35.29271626472473
446 134.97363686561584
35.27042317390442
447 134.54655718803406
35.579017639160156
448 134.60693848133087
35.94198441505432
449 134.92615449428558
36.264676332473755
450 134.6800549030304
35.958523750305176
C:\Users\David/project/gismo/out/first_tests\4226f96d566c4d7ff32f8237271e9dfcc998614f\val_ranks_full.txt
vall metrics: 31.115801161717076 {1: 20.33740329946873, 3: 35.138409917047255, 10: 53.313449529313075}
Best val mrr updated to 31.115801161717076
### Saving the BEST MODEL ###
451 133.4923655986786
34.94822931289673
452 134.4155879020691
35.48974537849426
453 133.82726955413818
35.29646706581116
454 133.6990053653717
35.012057065963745
455 132.86973363161087
34.7603702545166
456 132.96925973892212
34.86695718765259
457 132.69706451892853
36.30033898353577
458 132.6903086900711
36.11287045478821
459 132.6129219532013
35.76958990097046
460 132.65022218227386
35.882107973098755
461 132.59458529949188
35.706932067871094
462 133.06951773166656
35.39326000213623
463 132.8736503124237
35.90942406654358
464 133.45827782154083
36.16568899154663
465 131.9682458639145
36.99492597579956
466 132.47508025169373
36.51481294631958
467 132.31990003585815
35.99886345863342
468 132.30635154247284
35.84944176673889
469 132.282257437706
35.63422966003418
470 131.951904296875
35.7651207447052
471 132.1083278656006
36.29762578010559
472 131.4639366865158
35.70564937591553
473 131.2432118654251
35.268653869628906
474 130.62193191051483
35.66798377037048
475 131.9114019870758
35.53460144996643
476 131.30940699577332
35.92066955566406
477 131.48792171478271
35.57879114151001
478 131.08428370952606
35.56346249580383
479 130.51750802993774
35.30113220214844
480 131.41389763355255
35.42509412765503
481 129.6243176460266
36.94941854476929
482 130.70886945724487
36.56196641921997
483 130.3747457265854
35.76788854598999
484 130.31625986099243
36.87229609489441
485 129.98283398151398
37.53068161010742
486 129.71169805526733
36.36686944961548
487 129.8526383638382
37.072224140167236
488 129.6721351146698
36.84848594665527
489 130.1579154729843
36.89293551445007
490 129.63630384206772
37.08696126937866
491 129.0149233341217
36.533209562301636
492 129.79550004005432
35.77144503593445
493 129.78062558174133
36.64923429489136
494 128.67209672927856
35.81818103790283
495 127.93041181564331
35.65069890022278
496 128.56781601905823
35.41336536407471
497 128.542285323143
35.90449810028076
498 128.90857875347137
36.553919315338135
499 129.7710429430008
34.84150195121765
500 128.8158997297287
34.607094049453735
C:\Users\David/project/gismo/out/first_tests\4226f96d566c4d7ff32f8237271e9dfcc998614f\val_ranks_full.txt
vall metrics: 30.966051414390904 {1: 20.16031316991332, 3: 34.97064032062634, 10: 53.117718333488675}
Training finished!
Val results:
C:\Users\David/project/gismo/out/first_tests\4226f96d566c4d7ff32f8237271e9dfcc998614f\val_ranks_full.txt
31.115801161717076 {1: 20.33740329946873, 3: 35.138409917047255, 10: 53.313449529313075}
Test results:
C:\Users\David/project/gismo/out/first_tests\4226f96d566c4d7ff32f8237271e9dfcc998614f\test_ranks_full.txt
31.620386339647112 {1: 20.591793058527962, 3: 36.158928072950594, 10: 54.35935609937657}
31.115801161717076 31.620386339647112 {1: 20.591793058527962, 3: 36.158928072950594, 10: 54.35935609937657}